136 16 0 -172
136 17 0 -190
136 15 0 -180
136 14 0 -172
136 13 0 -175
136 12 0 -175
136 11 0 -190
137 11 0 -195
137 10 0 -190
138 10 0 -187
139 10 0 -185
139 9 0 -192
139 8 0 -210
139 7 0 -220
139 6 0 -227
139 5 0 -232
139 4 0 -240
139 3 0 -245
139 2 0 -245
139 1 0 -247
139 0 0 -247
140 0 0 -250
141 0 0 -250
142 0 0 -250
143 0 0 -247
143 1 0 -245
143 2 0 -245
143 3 0 -245
143 4 0 -242
144 4 0 -232
144 5 0 -230
144 6 0 -230
145 6 0 -230
146 6 0 -232
147 6 0 -230
148 6 0 -230
149 6 0 -232
149 7 0 -235
150 7 0 -240
151 7 0 -237
151 8 0 -235
152 8 0 -235
153 8 0 -232
154 8 0 -235
154 9 0 -237
155 9 0 -240
156 9 0 -240
156 10 0 -240
157 10 0 -242
158 10 0 -245
158 11 0 -245
159 11 0 -250
160 11 0 -247
160 12 0 -250
161 12 0 -247
161 13 0 -247
162 13 0 -250
163 13 0 -252
164 13 0 -252
165 13 0 -252
166 13 0 -252
167 13 0 -252
168 13 0 -252
168 12 0 -252
169 12 0 -252
170 12 0 -252
171 12 0 -252
172 12 0 -252
172 11 0 -252
173 11 0 -252
174 11 0 -252
175 11 0 -252
176 11 0 -252
177 11 0 -252
178 11 0 -252
179 11 0 -252
180 11 0 -252
181 11 0 -252
182 11 0 -252
182 10 0 -252
183 10 0 -252
184 10 0 -252
185 10 0 -252
186 10 0 -252
186 11 0 -255
136 18 0 -197
136 19 0 -195
135 19 0 -195
134 19 0 -195
133 19 0 -202
132 19 0 -207
132 20 0 -220
132 21 0 -222
131 21 0 -225
131 22 0 -227
131 23 0 -237
131 24 0 -247
130 24 0 -247
130 25 0 -255
130 26 0 -255
129 26 0 -255
128 26 0 -255
127 26 0 -255
126 26 0 -255
126 27 0 -255
125 27 0 -255
124 27 0 -255
123 27 0 -255
123 28 0 -255
122 28 0 -255
121 28 0 -255
120 28 0 -255
120 29 0 -255
119 29 0 -255
119 30 0 -255
118 30 0 -255
117 30 0 -255
117 31 0 -255
116 31 0 -255
115 31 0 -255
115 32 0 -255
114 32 0 -255
114 33 0 -255
113 33 0 -255
112 33 0 -255
112 34 0 -255
111 34 0 -255
111 35 0 -255
110 35 0 -255
109 35 0 -255
109 36 0 -255
108 36 0 -255
108 37 0 -255
107 37 0 -255
107 38 0 -255
106 38 0 -255
105 38 0 -255
105 39 0 -255
104 39 0 -255
103 39 0 -255
102 39 0 -255
101 39 0 -255
100 39 0 -255
99 39 0 -255
98 39 0 -255
97 39 0 -255
97 40 0 -255
96 40 0 -255
95 40 0 -255
94 40 0 -255
93 40 0 -255
92 40 0 -255
91 40 0 -252
90 40 0 -252
89 40 0 -252
88 40 0 -252
87 40 0 -252
86 40 0 -252
85 40 0 -252
84 40 0 -252
84 39 0 -250
83 39 0 -250
82 39 0 -250
81 39 0 -250
80 39 0 -250
79 39 0 -250
78 39 0 -250
78 38 0 -250
77 38 0 -250
76 38 0 -250
76 37 0 -250
75 37 0 -250
74 37 0 -250
74 36 0 -250
73 36 0 -252
72 36 0 -252
72 35 0 -252
71 35 0 -252
70 35 0 -252
69 35 0 -252
68 35 0 -252
68 34 0 -250
68 33 0 -250
68 32 0 -250
68 31 0 -250
67 31 0 -250
67 30 0 -250
66 30 0 -250
66 29 0 -250
66 28 0 -250
65 28 0 -252
64 28 0 -252
64 27 0 -252
64 26 0 -252
64 25 0 -250
64 24 0 -250
64 23 0 -250
64 22 0 -250
64 21 0 -250
63 21 0 -250
63 20 0 -250
63 19 0 -247
62 19 0 -250
62 18 0 -247
61 18 0 -242
61 19 0 -242
61 20 0 -242
60 20 0 -242
59 20 0 -242
59 19 0 -242
58 19 0 -242
58 18 0 -242
58 17 0 -240
58 16 0 -242
58 15 0 -242
58 14 0 -242
57 14 0 -245
57 13 0 -245
56 13 0 -247
56 12 0 -247
56 11 0 -245
55 11 0 -247
55 10 0 -247
54 10 0 -250
54 9 0 -250
53 9 0 -252
53 8 0 -252
53 7 0 -252
52 7 0 -252
52 6 0 -252
52 5 0 -252
51 5 0 -252
51 4 0 -252
51 3 0 -252
50 3 0 -252
50 2 0 -252
49 2 0 -255
49 1 0 -255
48 1 0 -255
48 0 0 -255
47 0 0 -255
46 0 0 -255
45 0 0 -255
44 0 0 -255
43 0 0 -255
75 46 0 -115
76 46 0 -110
74 46 0 -119
74 47 0 -126
73 47 0 -142
72 47 0 -180
71 47 0 -210
70 47 0 -215
69 47 0 -220
68 47 0 -225
67 47 0 -232
67 48 0 -232
68 48 0 -230
69 48 0 -225
70 48 0 -225
71 48 0 -230
72 48 0 -227
72 49 0 -232
73 49 0 -235
73 50 0 -230
74 50 0 -235
74 51 0 -225
74 52 0 -220
73 52 0 -222
73 53 0 -225
74 53 0 -227
74 54 0 -227
74 55 0 -230
75 55 0 -230
75 56 0 -232
76 56 0 -232
77 56 0 -235
77 57 0 -237
77 58 0 -240
78 58 0 -245
78 59 0 -245
79 59 0 -247
80 59 0 -247
80 60 0 -250
81 60 0 -250
82 60 0 -250
82 61 0 -252
82 62 0 -252
83 62 0 -252
84 62 0 -252
85 62 0 -252
85 63 0 -252
86 63 0 -252
86 64 0 -252
86 65 0 -252
86 66 0 -252
86 67 0 -252
87 67 0 -252
87 68 0 -252
88 68 0 -252
89 68 0 -252
89 69 0 -252
89 70 0 -252
89 71 0 -252
89 72 0 -255
76 45 0 -115
76 44 0 -155
76 43 0 -230
76 42 0 -247
76 41 0 -252
76 40 0 -252
75 40 0 -252
75 39 0 -252
75 38 0 -252
74 38 0 -252
73 38 0 -252
73 37 0 -252
58 39 0 -192
58 40 0 -202
57 39 0 -205
56 39 0 -207
56 38 0 -207
55 38 0 -205
55 39 0 -197
55 40 0 -200
54 40 0 -200
53 40 0 -197
53 39 0 -200
52 39 0 -215
51 39 0 -222
51 38 0 -225
50 38 0 -225
50 37 0 -225
50 36 0 -227
50 35 0 -230
50 34 0 -232
49 34 0 -237
49 33 0 -240
48 33 0 -242
48 32 0 -245
47 32 0 -245
47 31 0 -245
46 31 0 -245
46 30 0 -245
45 30 0 -247
45 29 0 -247
44 29 0 -247
43 29 0 -247
43 28 0 -247
42 28 0 -247
42 27 0 -250
41 27 0 -250
41 26 0 -250
40 26 0 -250
40 25 0 -252
39 25 0 -252
39 24 0 -252
38 24 0 -252
38 23 0 -252
37 23 0 -252
36 23 0 -252
35 23 0 -252
35 22 0 -252
35 21 0 -252
35 20 0 -252
34 20 0 -252
34 19 0 -252
33 19 0 -252
33 18 0 -252
32 18 0 -252
31 18 0 -252
31 17 0 -252
30 17 0 -255
29 17 0 -255
29 16 0 -255
28 16 0 -255
27 16 0 -255
26 16 0 -255
25 16 0 -255
24 16 0 -255
24 15 0 -255
23 15 0 -255
22 15 0 -255
21 15 0 -255
20 15 0 -255
19 15 0 -255
18 15 0 -255
17 15 0 -255
16 15 0 -255
15 15 0 -255
14 15 0 -255
14 16 0 -255
14 17 0 -255
13 17 0 -255
12 17 0 -255
11 17 0 -255
10 17 0 -255
9 17 0 -255
8 17 0 -255
8 16 0 -255
8 15 0 -255
7 15 0 -255
6 15 0 -255
6 16 0 -255
5 16 0 -255
4 16 0 -255
3 16 0 -255
2 16 0 -255
1 16 0 -255
1 15 0 -255
0 15 0 -255
59 40 0 -215
60 40 0 -217
60 41 0 -220
61 41 0 -225
61 42 0 -217
62 42 0 -220
62 43 0 -217
63 43 0 -220
63 44 0 -227
64 44 0 -227
64 45 0 -232
65 45 0 -232
65 46 0 -237
66 46 0 -235
66 47 0 -235
93 94 0 -84
93 95 0 -89
93 93 0 -84
93 92 0 -84
93 91 0 -94
93 90 0 -104
93 89 0 -114
93 88 0 -119
93 87 0 -126
93 86 0 -150
93 85 0 -175
93 84 0 -187
93 83 0 -190
93 82 0 -197
93 81 0 -210
93 80 0 -220
93 79 0 -227
93 78 0 -235
93 77 0 -240
93 76 0 -240
92 76 0 -247
92 75 0 -250
92 74 0 -250
92 73 0 -250
91 73 0 -252
91 72 0 -252
90 72 0 -255
93 96 0 -97
93 97 0 -104
93 98 0 -112
93 99 0 -115
94 99 0 -117
94 100 0 -119
94 101 0 -121
94 102 0 -121
95 102 0 -111
96 102 0 -111
97 102 0 -121
98 102 0 -109
99 102 0 -104
100 102 0 -119
100 101 0 -120
101 101 0 -145
102 101 0 -145
102 102 0 -135
102 103 0 -127
103 103 0 -130
104 103 0 -140
104 104 0 -147
104 105 0 -160
104 106 0 -170
105 106 0 -175
105 107 0 -190
105 108 0 -200
105 109 0 -207
106 109 0 -210
106 110 0 -217
107 110 0 -220
107 111 0 -225
108 111 0 -227
108 112 0 -235
108 113 0 -240
108 114 0 -242
108 115 0 -245
108 116 0 -247
109 116 0 -247
109 117 0 -250
109 118 0 -252
109 119 0 -252
109 120 0 -252
109 121 0 -252
109 122 0 -252
109 123 0 -252
109 124 0 -252
109 125 0 -252
109 126 0 -252
109 127 0 -252
109 128 0 -252
109 129 0 -252
109 130 0 -252
109 131 0 -252
109 132 0 -252
110 132 0 -252
110 133 0 -252
110 134 0 -252
110 135 0 -252
111 135 0 -252
111 136 0 -252
111 137 0 -252
111 138 0 -255
10 103 0 -1
10 104 0 -2
10 102 0 -1
11 102 0 -1
12 102 0 -1
13 102 0 -1
14 102 0 -1
15 102 0 -1
16 102 0 -1
17 102 0 -1
18 102 0 -1
18 101 0 -1
18 100 0 -1
18 99 0 -1
18 98 0 -1
18 97 0 -4
18 96 0 -7
18 95 0 -12
18 94 0 -16
18 93 0 -26
18 92 0 -40
18 91 0 -43
18 90 0 -39
17 90 0 -44
17 89 0 -35
16 89 0 -35
16 88 0 -36
16 87 0 -36
16 86 0 -36
16 85 0 -42
16 84 0 -46
15 84 0 -47
15 83 0 -45
15 82 0 -40
15 81 0 -36
15 80 0 -33
15 79 0 -35
15 78 0 -38
15 77 0 -39
15 76 0 -36
15 75 0 -36
15 74 0 -37
16 74 0 -42
17 74 0 -46
18 74 0 -51
18 73 0 -49
19 73 0 -49
19 72 0 -49
19 71 0 -53
19 70 0 -54
19 69 0 -54
20 69 0 -61
20 68 0 -62
21 68 0 -69
21 67 0 -64
22 67 0 -62
22 66 0 -61
23 66 0 -61
24 66 0 -61
24 65 0 -61
25 65 0 -63
25 64 0 -63
26 64 0 -69
26 63 0 -69
27 63 0 -81
28 63 0 -90
28 62 0 -87
29 62 0 -92
29 61 0 -87
30 61 0 -81
30 60 0 -71
31 60 0 -72
32 60 0 -62
32 59 0 -57
33 59 0 -54
34 59 0 -49
34 58 0 -49
35 58 0 -49
35 57 0 -54
36 57 0 -52
37 57 0 -51
37 58 0 -51
37 59 0 -50
37 60 0 -49
38 60 0 -55
39 60 0 -52
40 60 0 -52
40 61 0 -52
40 62 0 -49
41 62 0 -52
42 62 0 -58
42 63 0 -66
43 63 0 -64
44 63 0 -61
44 64 0 -63
45 64 0 -66
45 65 0 -63
46 65 0 -66
46 66 0 -73
46 67 0 -79
47 67 0 -81
47 68 0 -90
48 68 0 -94
49 68 0 -94
49 69 0 -103
50 69 0 -104
50 70 0 -111
51 70 0 -110
51 71 0 -111
52 71 0 -110
52 72 0 -111
53 72 0 -114
53 73 0 -116
53 74 0 -117
11 104 0 -2
12 104 0 -2
13 104 0 -2
14 104 0 -2
14 105 0 -3
15 105 0 -4
15 106 0 -6
15 107 0 -8
15 108 0 -7
16 108 0 -10
16 109 0 -14
17 109 0 -15
17 110 0 -27
18 110 0 -29
18 111 0 -62
18 112 0 -75
19 112 0 -81
19 113 0 -97
19 114 0 -96
20 114 0 -97
20 115 0 -107
20 116 0 -101
19 116 0 -106
19 117 0 -116
19 118 0 -122
20 118 0 -127
21 118 0 -147
21 119 0 -177
22 119 0 -180
23 119 0 -202
24 119 0 -210
24 120 0 -220
24 121 0 -225
25 121 0 -225
25 122 0 -227
25 123 0 -230
24 123 0 -230
23 123 0 -230
22 123 0 -230
22 124 0 -237
23 124 0 -237
23 125 0 -242
180 188 0 -2
181 188 0 -2
179 188 0 -2
179 187 0 -2
179 186 0 -2
178 186 0 -2
178 185 0 -2
178 184 0 -2
178 183 0 -2
178 182 0 -3
178 181 0 -6
178 180 0 -14
178 179 0 -31
178 178 0 -53
178 177 0 -74
178 176 0 -96
178 175 0 -97
177 175 0 -106
176 175 0 -114
176 176 0 -126
175 176 0 -127
175 177 0 -165
175 178 0 -175
174 178 0 -177
174 179 0 -190
181 187 0 -2
182 187 0 -2
183 187 0 -4
184 187 0 -16
185 187 0 -65
186 187 0 -102
187 187 0 -126
188 187 0 -192
189 187 0 -222
190 187 0 -235
191 187 0 -240
192 187 0 -242
193 187 0 -245
194 187 0 -247
195 187 0 -250
195 188 0 -252
196 188 0 -252
197 188 0 -252
198 188 0 -252
198 189 0 -252
198 190 0 -255
161 149 0 -70
162 149 0 -74
160 149 0 -71
160 148 0 -79
160 147 0 -82
159 147 0 -89
159 146 0 -96
159 145 0 -101
159 144 0 -104
159 143 0 -114
159 142 0 -118
159 141 0 -118
159 140 0 -123
159 139 0 -127
159 138 0 -130
158 138 0 -140
157 138 0 -137
157 137 0 -137
157 136 0 -145
157 135 0 -170
156 135 0 -202
156 134 0 -205
155 134 0 -207
163 149 0 -83
164 149 0 -111
165 149 0 -130
166 149 0 -160
166 148 0 -175
167 148 0 -187
167 147 0 -195
168 147 0 -207
168 146 0 -210
168 145 0 -210
169 145 0 -227
169 144 0 -230
170 144 0 -227
170 143 0 -227
171 143 0 -227
172 143 0 -235
172 142 0 -237
173 142 0 -237
173 141 0 -242
173 140 0 -242
173 139 0 -242
173 138 0 -247
173 137 0 -247
174 137 0 -247
175 137 0 -247
176 137 0 -250
177 137 0 -250
177 136 0 -250
178 136 0 -250
178 135 0 -250
179 135 0 -250
179 134 0 -250
180 134 0 -250
180 133 0 -250
180 132 0 -250
180 131 0 -250
180 130 0 -250
180 129 0 -250
180 128 0 -250
180 127 0 -252
180 126 0 -252
181 126 0 -252
181 125 0 -252
37 147 0 -98
37 148 0 -104
37 146 0 -98
37 145 0 -105
37 144 0 -114
37 143 0 -113
37 142 0 -119
36 142 0 -124
36 141 0 -127
36 140 0 -126
35 140 0 -124
35 139 0 -122
35 138 0 -121
35 137 0 -121
34 137 0 -115
33 137 0 -112
33 136 0 -113
32 136 0 -103
31 136 0 -102
30 136 0 -124
30 135 0 -127
30 134 0 -127
29 134 0 -192
29 133 0 -200
29 132 0 -205
29 131 0 -205
28 131 0 -230
28 130 0 -230
28 129 0 -235
27 129 0 -240
27 128 0 -242
26 128 0 -242
26 127 0 -242
25 127 0 -242
25 126 0 -240
24 126 0 -240
24 125 0 -240
36 148 0 -104
36 149 0 -107
36 150 0 -102
36 151 0 -106
36 152 0 -111
36 153 0 -112
35 153 0 -117
34 153 0 -127
33 153 0 -207
32 153 0 -227
31 153 0 -230
31 154 0 -235
31 155 0 -237
32 155 0 -240
32 156 0 -242
32 157 0 -245
32 158 0 -247
32 159 0 -250
32 160 0 -252
32 161 0 -252
32 162 0 -252
32 163 0 -252
32 164 0 -252
33 164 0 -252
34 164 0 -252
34 165 0 -252
34 166 0 -255
17 125 0 -121
18 125 0 -120
16 125 0 -127
15 125 0 -122
15 124 0 -123
14 124 0 -140
14 123 0 -157
13 123 0 -175
13 124 0 -170
13 125 0 -165
13 126 0 -162
12 126 0 -145
12 127 0 -157
11 127 0 -150
11 128 0 -157
10 128 0 -135
9 128 0 -125
8 128 0 -150
8 127 0 -155
7 127 0 -187
7 126 0 -187
6 126 0 -215
5 126 0 -220
5 127 0 -225
18 124 0 -130
18 123 0 -170
18 122 0 -185
18 121 0 -190
19 121 0 -210
20 121 0 -215
20 122 0 -225
20 123 0 -232
21 123 0 -230
133 177 0 -86
133 178 0 -91
133 176 0 -89
133 175 0 -90
133 174 0 -96
133 173 0 -105
133 172 0 -106
133 171 0 -106
133 170 0 -116
133 169 0 -135
133 168 0 -170
133 167 0 -167
134 167 0 -177
134 166 0 -192
133 179 0 -102
133 180 0 -114
133 181 0 -120
133 182 0 -121
133 183 0 -119
133 184 0 -121
133 185 0 -122
132 185 0 -119
132 186 0 -117
131 186 0 -117
130 186 0 -121
129 186 0 -125
128 186 0 -202
127 186 0 -240
126 186 0 -250
125 186 0 -250
125 185 0 -250
124 185 0 -250
124 184 0 -250
123 184 0 -250
123 183 0 -250
122 183 0 -250
121 183 0 -252
120 183 0 -252
120 182 0 -252
119 182 0 -255
119 181 0 -255
118 181 0 -255
117 181 0 -255
116 181 0 -255
115 181 0 -255
114 181 0 -255
113 181 0 -255
113 180 0 -255
114 180 0 -252
115 180 0 -252
116 180 0 -252
117 180 0 -252
117 179 0 -252
117 178 0 -252
117 177 0 -255
116 177 0 -255
116 176 0 -255
116 175 0 -255
116 174 0 -252
116 173 0 -252
116 172 0 -252
116 171 0 -252
116 170 0 -252
116 169 0 -252
116 168 0 -252
115 168 0 -252
115 167 0 -252
115 166 0 -252
115 165 0 -252
115 164 0 -252
115 163 0 -252
115 162 0 -252
115 161 0 -252
115 160 0 -252
116 160 0 -252
116 159 0 -255
116 158 0 -255
116 157 0 -255
117 157 0 -255
117 156 0 -255
117 155 0 -255
117 154 0 -255
116 154 0 -255
116 153 0 -255
116 152 0 -252
116 151 0 -252
116 150 0 -252
116 149 0 -252
116 148 0 -252
116 147 0 -252
115 147 0 -252
115 146 0 -252
115 145 0 -252
115 144 0 -252
115 143 0 -252
115 142 0 -252
115 141 0 -252
115 140 0 -252
115 139 0 -252
115 138 0 -252
114 138 0 -252
114 137 0 -252
113 137 0 -252
112 137 0 -252
199 105 0 -58
199 106 0 -61
199 104 0 -62
199 103 0 -67
199 102 0 -79
199 101 0 -89
199 100 0 -104
199 99 0 -106
198 99 0 -99
198 100 0 -95
197 100 0 -97
196 100 0 -111
195 100 0 -127
194 100 0 -145
193 100 0 -142
192 100 0 -135
191 100 0 -150
191 99 0 -165
191 98 0 -170
190 98 0 -180
190 99 0 -202
199 107 0 -62
199 108 0 -62
199 109 0 -66
199 110 0 -88
199 111 0 -89
199 112 0 -84
199 113 0 -84
199 114 0 -111
199 115 0 -147
199 116 0 -217
199 117 0 -237
199 118 0 -245
199 119 0 -245
199 120 0 -247
198 120 0 -245
197 120 0 -245
196 120 0 -245
195 120 0 -247
195 119 0 -247
194 119 0 -250
193 119 0 -247
193 120 0 -247
192 120 0 -245
191 120 0 -245
191 121 0 -247
191 122 0 -247
190 122 0 -250
189 122 0 -247
188 122 0 -247
187 122 0 -247
187 123 0 -247
186 123 0 -247
185 123 0 -247
185 122 0 -247
184 122 0 -247
184 123 0 -247
183 123 0 -250
183 124 0 -250
182 124 0 -250
182 125 0 -252
143 155 0 -100
144 155 0 -94
142 155 0 -105
142 156 0 -112
142 157 0 -110
141 157 0 -112
140 157 0 -113
139 157 0 -114
139 156 0 -117
138 156 0 -122
138 157 0 -124
138 158 0 -124
138 159 0 -142
138 160 0 -147
139 160 0 -140
140 160 0 -165
140 161 0 -172
140 162 0 -157
139 162 0 -150
139 163 0 -177
138 163 0 -155
137 163 0 -152
136 163 0 -160
135 163 0 -160
135 164 0 -180
135 165 0 -175
134 165 0 -185
144 154 0 -94
144 153 0 -104
144 152 0 -104
144 151 0 -108
145 151 0 -110
145 150 0 -104
145 149 0 -107
145 148 0 -106
145 147 0 -112
145 146 0 -108
145 145 0 -108
145 144 0 -108
145 143 0 -114
146 143 0 -114
147 143 0 -119
148 143 0 -126
148 142 0 -121
148 141 0 -121
148 140 0 -126
148 139 0 -142
148 138 0 -147
148 137 0 -157
148 136 0 -160
149 136 0 -175
149 135 0 -182
150 135 0 -187
151 135 0 -197
151 134 0 -197
151 133 0 -187
152 133 0 -187
152 132 0 -185
152 131 0 -197
153 131 0 -195
154 131 0 -195
155 131 0 -202
155 132 0 -185
155 133 0 -192
175 165 0 -78
176 165 0 -81
174 165 0 -82
173 165 0 -79
172 165 0 -84
171 165 0 -86
170 165 0 -96
170 164 0 -99
170 163 0 -122
170 162 0 -160
169 162 0 -202
168 162 0 -200
168 161 0 -207
167 161 0 -215
167 160 0 -202
167 159 0 -192
167 158 0 -190
167 157 0 -205
167 156 0 -197
167 155 0 -190
168 155 0 -187
168 154 0 -192
169 154 0 -187
169 153 0 -197
169 152 0 -197
169 151 0 -197
169 150 0 -205
169 149 0 -207
169 148 0 -215
169 147 0 -222
169 146 0 -227
176 166 0 -96
176 167 0 -102
176 168 0 -102
175 168 0 -104
175 169 0 -109
175 170 0 -111
174 170 0 -112
174 171 0 -111
174 172 0 -97
173 172 0 -98
173 173 0 -100
174 173 0 -101
174 174 0 -101
174 175 0 -112
174 176 0 -120
158 193 0 -68
159 193 0 -56
158 194 0 -79
157 194 0 -77
157 195 0 -90
156 195 0 -90
156 196 0 -106
156 197 0 -104
156 198 0 -117
156 199 0 -121
159 192 0 -57
160 192 0 -61
160 191 0 -68
161 191 0 -64
161 190 0 -62
162 190 0 -63
162 189 0 -57
163 189 0 -58
163 188 0 -61
164 188 0 -69
164 187 0 -74
165 187 0 -85
166 187 0 -84
166 186 0 -102
167 186 0 -89
167 185 0 -105
167 184 0 -96
168 184 0 -97
168 185 0 -84
169 185 0 -81
170 185 0 -97
171 185 0 -114
171 184 0 -115
172 184 0 -127
172 183 0 -140
173 183 0 -147
173 182 0 -165
173 181 0 -172
173 180 0 -172
174 180 0 -185
52 54 0 -4
53 54 0 -4
51 54 0 -4
51 53 0 -4
50 53 0 -4
49 53 0 -4
48 53 0 -4
47 53 0 -5
46 53 0 -6
45 53 0 -7
44 53 0 -7
43 53 0 -7
42 53 0 -7
42 54 0 -13
41 54 0 -13
40 54 0 -15
40 55 0 -26
39 55 0 -26
38 55 0 -27
37 55 0 -27
37 56 0 -42
36 56 0 -46
53 53 0 -4
54 53 0 -4
54 52 0 -4
54 51 0 -4
54 50 0 -4
55 50 0 -6
55 49 0 -6
55 48 0 -13
55 47 0 -30
55 46 0 -86
55 45 0 -150
55 44 0 -200
55 43 0 -205
55 42 0 -205
54 42 0 -210
53 42 0 -202
53 41 0 -207
52 41 0 -207
52 40 0 -212
172 103 0 -44
173 103 0 -59
172 102 0 -44
172 101 0 -51
172 100 0 -59
172 99 0 -60
171 99 0 -74
170 99 0 -82
170 98 0 -89
169 98 0 -93
168 98 0 -96
167 98 0 -90
166 98 0 -89
166 97 0 -91
165 97 0 -91
165 96 0 -91
164 96 0 -97
174 103 0 -79
175 103 0 -102
176 103 0 -119
177 103 0 -127
178 103 0 -127
179 103 0 -119
179 102 0 -126
180 102 0 -125
181 102 0 -124
181 101 0 -132
182 101 0 -126
183 101 0 -121
184 101 0 -122
184 100 0 -124
185 100 0 -145
186 100 0 -135
187 100 0 -135
188 100 0 -177
189 100 0 -200
189 99 0 -197
28 143 0 -95
28 144 0 -114
28 142 0 -97
28 141 0 -116
28 140 0 -122
28 139 0 -127
28 138 0 -150
28 137 0 -165
28 136 0 -160
28 135 0 -165
28 134 0 -195
28 133 0 -217
28 132 0 -225
28 145 0 -130
28 146 0 -160
28 147 0 -162
29 147 0 -167
29 148 0 -165
29 149 0 -167
28 149 0 -172
28 150 0 -177
28 151 0 -200
28 152 0 -222
28 153 0 -230
28 154 0 -230
29 154 0 -227
29 155 0 -230
30 155 0 -230
167 28 0 -19
168 28 0 -21
166 28 0 -19
166 27 0 -19
165 27 0 -22
165 26 0 -25
165 25 0 -36
165 24 0 -53
165 23 0 -71
165 22 0 -103
165 21 0 -124
165 20 0 -135
165 19 0 -177
165 18 0 -237
165 17 0 -250
165 16 0 -250
165 15 0 -250
165 14 0 -252
168 29 0 -27
168 30 0 -30
168 31 0 -26
168 32 0 -25
169 32 0 -26
169 33 0 -26
168 33 0 -26
168 34 0 -27
168 35 0 -26
168 36 0 -24
168 37 0 -21
168 38 0 -22
168 39 0 -22
168 40 0 -24
167 40 0 -24
167 41 0 -24
166 41 0 -25
166 42 0 -27
165 42 0 -30
165 43 0 -30
166 43 0 -30
167 43 0 -29
168 43 0 -29
168 44 0 -30
169 44 0 -30
169 45 0 -33
169 46 0 -34
169 47 0 -34
169 48 0 -36
169 49 0 -38
169 50 0 -46
169 51 0 -53
169 52 0 -56
169 53 0 -61
169 54 0 -69
169 55 0 -79
169 56 0 -82
169 57 0 -88
170 57 0 -92
170 58 0 -94
61 95 0 -19
61 96 0 -23
61 94 0 -21
61 93 0 -26
61 92 0 -31
61 91 0 -29
61 90 0 -33
61 89 0 -38
62 89 0 -39
62 88 0 -40
63 88 0 -36
64 88 0 -36
65 88 0 -37
65 87 0 -36
64 87 0 -35
63 87 0 -35
63 86 0 -37
63 85 0 -46
63 84 0 -53
63 83 0 -53
63 82 0 -54
62 82 0 -54
62 81 0 -51
62 80 0 -52
61 80 0 -54
61 79 0 -52
60 79 0 -52
60 78 0 -54
59 78 0 -61
58 78 0 -63
58 77 0 -67
58 76 0 -67
57 76 0 -80
56 76 0 -94
56 75 0 -97
55 75 0 -109
55 74 0 -109
54 74 0 -116
61 97 0 -29
61 98 0 -32
60 98 0 -34
59 98 0 -37
59 99 0 -37
58 99 0 -40
58 100 0 -33
58 101 0 -34
57 101 0 -34
56 101 0 -34
55 101 0 -37
54 101 0 -44
53 101 0 -49
52 101 0 -55
51 101 0 -55
50 101 0 -56
49 101 0 -62
48 101 0 -70
47 101 0 -72
46 101 0 -76
46 102 0 -89
46 103 0 -93
25 198 0 -31
26 198 0 -30
24 198 0 -37
24 199 0 -34
23 199 0 -47
22 199 0 -39
21 199 0 -50
20 199 0 -43
20 198 0 -37
21 198 0 -34
22 198 0 -33
23 198 0 -32
23 197 0 -36
23 196 0 -36
22 196 0 -36
21 196 0 -38
21 195 0 -41
20 195 0 -46
20 196 0 -42
19 196 0 -37
18 196 0 -34
17 196 0 -39
16 196 0 -73
15 196 0 -82
26 197 0 -32
27 197 0 -55
28 197 0 -119
29 197 0 -237
29 196 0 -237
30 196 0 -250
31 196 0 -247
31 195 0 -247
31 194 0 -242
31 193 0 -240
31 192 0 -240
31 191 0 -240
31 190 0 -242
31 189 0 -242
31 188 0 -245
32 188 0 -247
32 187 0 -245
32 186 0 -245
32 185 0 -242
32 184 0 -245
32 183 0 -242
32 182 0 -245
32 181 0 -247
32 180 0 -250
32 179 0 -250
32 178 0 -252
32 177 0 -252
32 176 0 -252
32 175 0 -252
32 174 0 -255
32 173 0 -255
32 172 0 -255
32 171 0 -255
32 170 0 -252
32 169 0 -252
32 168 0 -252
32 167 0 -252
32 166 0 -252
32 165 0 -252
153 33 0 -81
154 33 0 -77
152 33 0 -81
151 33 0 -86
150 33 0 -92
149 33 0 -104
148 33 0 -102
147 33 0 -102
146 33 0 -105
145 33 0 -116
144 33 0 -116
143 33 0 -116
142 33 0 -118
142 32 0 -119
141 32 0 -125
140 32 0 -135
139 32 0 -157
138 32 0 -175
138 31 0 -180
138 30 0 -202
138 29 0 -215
138 28 0 -225
137 28 0 -235
136 28 0 -240
136 27 0 -240
135 27 0 -247
134 27 0 -250
133 27 0 -252
132 27 0 -252
132 26 0 -252
132 25 0 -252
131 25 0 -252
154 32 0 -77
155 32 0 -82
156 32 0 -87
156 31 0 -88
157 31 0 -103
157 30 0 -102
158 30 0 -111
158 29 0 -106
159 29 0 -113
159 28 0 -107
159 27 0 -106
159 26 0 -114
159 25 0 -142
159 24 0 -160
159 23 0 -157
159 22 0 -175
159 21 0 -185
159 20 0 -200
159 19 0 -212
159 18 0 -230
159 17 0 -240
159 16 0 -240
159 15 0 -242
159 14 0 -245
159 13 0 -245
159 12 0 -247
